500
0 8000 246 6742 8945 922 8656 3337 4579 9262 1029 476 5594 1934 2346 9453 4176 2962 5880 1668 
1 502 3539 8704 5777 4937 6535 8796 6202 6449 7864 421 5848 1750 3603 4385 1979 9270 1668 2240 
2 7195 8971 34 2478 6471 8683 3129 3411 1143 4259 6744 8982 2962 1668 2240 
3 8000 246 6742 8945 922 8656 3337 4579 9262 1029 476 5594 1934 2346 9453 4176 2962 5880 1668 
4 4533 5122 6350 948 907 4547 1178 1454 7899 1116 3957 9300 1348 9299 5742 9129 5848 8134 9533 3543 1668 2240 2 
5 270 2353 1503 5361 7866 2467 4548 7042 9447 1717 4966 8470 2349 7883 2240 
6 3665 4533 4358 4403 948 9275 5122 6350 1178 1454 907 4547 7899 9300 1348 9299 4884 9129 3240 5848 2240 
7 1635 2799 4594 1917 3037 8285 1076 2456 6820 7820 4071 9270 979 
8 3224 6290 902 3240 4530 9572 1504 2204 8134 3118 1157 3616 9533 5848 2603 7486 4385 7864 1750 1984 
9 9038 2250 2935 7250 9594 9781 2557 5453 8644 979 7517 7883 
10 591 1074 7127 2828 6139 1579 5885 9502 3946 5166 3607 4729 7751 409 5160 3241 469 9684 5966 9129 
11 1338 8785 9684 9502 4600 4713 3607 4729 7751 1219 5966 6838 9993 4847 3316 9834 8134 
12 685 1389 2868 110 3551 2376 1374 7833 8181 119 6369 3807 5572 9674 4705 6744 4199 8130 2962 
13 948 1116 3957 1178 1454 3000 6605 7899 9300 1348 7724 2325 9521 9299 5742 4884 9129 5848 8134 9533 3543 2240 
14 6139 409 9502 3241 4711 1338 8785 9684 3607 4729 7751 5160 5966 469 3316 8134 
15 9415 9570 1065 8161 8333 9169 9943 2417 4999 1066 5713 6694 3709 3665 2403 1454 5122 8134 9533 
16 3182 4742 3801 1331 9285 1810 1613 9239 2408 4697 1462 8498 6853 3521 
17 859 1088 3535 7638 7666 5626 604 5060 190 3750 2018 2707 6744 4199 5005 476 2346 8130 9453 4176 2962 5880 1668 
18 7697 2417 4999 3709 3665 2403 4533 948 9284 1611 1178 1454 7899 4358 4403 5122 9299 1348 9129 5848 8134 9533 3543 
19 7727 8806 3282 5472 7524 8803 2951 8128 914 5239 6932 3742 6139 5869 3607 2240 
20 5024 4908 1656 5484 4608 5838 8067 2468 7748 952 6424 7054 4893 5752 5171 1091 3395 9453 1668 9533 
21 5089 6859 8419 2415 132 7687 1080 3136 3642 1984 6507 2935 379 4558 979 2240 
22 2294 3048 8089 339 967 2484 7022 4608 5024 8067 5838 1091 9453 5880 9129 1668 2240 
23 8000 246 6742 8945 922 8656 3337 4579 9262 1029 476 5594 1934 2346 9453 4176 2962 5880 1668 
24 5144 6837 8444 3654 8384 8597 6978 8210 9896 8027 8146 5207 9635 3925 9199 9533 2240 
25 1805 2995 4891 3418 7767 861 5087 9772 8486 6738 2346 7538 4176 6949 1091 2962 5880 1668 9533 7762 
26 356 8486 8869 2346 9701 2993 2249 3122 8874 2294 1931 2359 6834 5248 6404 2962 1668 9533 
27 2557 5665 8264 1355 9131 4492 3533 5735 3322 7554 8644 979 7517 652 3543 8470 2349 7883 1668 
28 3683 2733 6756 3036 4918 301 1051 4941 2945 8847 2657 4495 4402 2929 9075 2240 
29 3709 9284 3665 1611 4533 948 4358 4403 9275 1178 1454 5122 6350 7899 907 9299 9129 5848 8134 9533 1979 
30 6576 6670 8091 2899 7302 8471 6447 5223 2791 6272 6868 2028 8324 9878 2932 
31 2294 3048 8089 339 967 2484 7022 5024 4608 8067 5838 952 5752 5880 2240 
32 1944 855 1057 5405 6797 1640 7085 8669 289 4698 8450 782 6978 8210 9834 9199 9299 9533 1668 
33 1318 3925 8597 187 9199 6978 8210 8027 8146 3548 6091 3033 1574 7088 2182 1454 9129 2240 
34 9502 4713 1219 5966 3607 4729 7751 6838 9993 5160 4847 469 6785 1057 5405 7085 3316 5656 8450 6978 9834 1454 8134 2240 
35 8392 8998 1892 2039 4654 3590 400 2008 2775 8310 1684 9551 7485 5239 2240 
36 3241 4711 9502 1338 8785 9684 4600 3607 4729 7751 5160 1219 5966 3316 9129 2240 
37 855 1057 6797 5405 8669 1640 7085 222 289 8134 2240 
38 6818 5778 6668 1901 9860 582 7341 8392 7826 1892 9551 7485 
39 4654 1892 2039 400 2008 2775 3590 1684 4515 9551 6332 7485 5869 1454 1668 9533 2240 2 
40 1928 7101 605 7390 8784 425 1721 1061 4695 3680 2795 6753 8680 9576 9570 5899 1454 
41 7535 4884 5912 3420 6372 1358 5203 1135 2239 4484 9129 4879 6290 3240 5848 8134 9533 7864 1979 979 1668 
42 7340 8236 4893 2029 7426 1271 4851 5171 1091 4898 5466 3903 4888 5624 9453 3689 5880 2412 9551 1739 1668 9533 7762 
43 6004 9048 7491 1447 6853 8055 5358 685 1389 2868 5141 6169 2376 8181 4199 9453 8130 2962 1668 2240 
44 814 6949 9976 8486 356 2346 8869 2993 9701 3122 8874 2249 1931 5248 6404 2962 2240 
45 6744 8243 9814 3107 983 4817 6603 6760 8000 2545 8130 6742 476 246 2346 1934 9453 4176 2962 5880 2240 
46 3241 4711 1338 8785 9684 9502 4600 4713 3607 4729 9129 
47 7185 6576 6670 8839 8091 8471 6447 2899 7302 2791 6272 5223 2932 6868 2028 7026 2962 
48 1504 2204 8134 6290 1157 3616 5956 902 3240 4530 9572 2785 3118 9533 5848 7864 979 
49 4893 1271 4851 5171 3351 1091 4898 5466 3903 4888 5624 2105 3328 5880 9453 2412 8392 5869 1668 
50 7767 6738 7538 4176 4299 7779 9091 8486 814 6949 9976 2346 2993 3122 8874 356 5248 6404 9453 2962 5880 1454 1668 2240 
51 8027 8146 4840 3548 6091 6510 3033 7282 7088 9649 1294 425 2182 1454 9299 9129 9533 1668 
52 6865 2499 4467 5172 3418 6360 9434 7767 637 5047 7128 8486 4176 9453 5248 2962 1668 
53 6668 582 7341 1901 7826 9860 8392 699 1892 2039 3590 9551 7485 5239 5869 1668 2240 
54 6395 476 8021 8114 7382 55 809 4834 2730 4013 3418 7767 6865 6360 2962 1668 9533 
55 6818 5778 6668 1901 9860 582 7341 8392 7826 1892 9551 7485 
56 8847 4495 7094 7597 8768 15 555 5224 6780 647 6467 148 5775 5053 9075 5677 1668 8387 2240 3894 
57 859 1088 3535 7638 7666 604 5060 3750 190 1046 3562 2707 4199 6744 8130 9453 4176 2962 
58 4248 4861 9280 9551 9554 3274 3294 4815 7485 5239 5869 8134 2240 
59 6076 8730 3903 4888 5624 9453 5431 3689 4933 9318 6668 1739 7751 1454 5869 9129 1668 9533 2240 
60 3282 5472 8128 2951 6932 914 5239 8737 3742 1453 9945 1806 5869 3316 9129 
61 8781 3590 8266 8310 6332 3696 9499 4248 4861 9280 9551 2951 1668 9533 2240 2 
62 1091 4898 5466 1334 1544 7175 6076 3903 4888 5624 9453 3689 1739 7751 5869 1668 9533 7762 
63 914 5239 11 1453 9945 64 1806 553 3227 5869 3962 591 3316 
64 1705 9185 823 9725 2153 3331 5132 2309 1293 2308 8463 9932 2066 4168 4110 7123 3285 6613 4199 2962 5880 1668 
65 8078 685 1389 2868 2376 110 3551 8181 1374 7833 119 6369 3807 5572 9674 2707 6744 4199 9453 8130 2962 9129 2240 
66 861 5087 9772 3418 7767 6738 7538 8486 4176 4299 7779 9091 2346 814 6949 8874 5248 2962 5880 1668 9533 2240 
67 3946 5166 6139 409 9502 3241 4711 1338 8785 9684 3607 4729 7751 5966 469 9533 2240 
68 3033 7282 1294 1574 3933 7639 6700 4508 2182 425 1454 9129 9533 1668 2240 
69 1065 8161 8333 9169 2417 4999 7697 3709 3665 4533 2403 948 9284 1454 1611 9299 9129 5848 9533 
70 2346 2993 1931 3122 8874 2359 6834 8880 2294 5248 7044 2798 3179 6097 545 6404 2962 6374 1668 9533 
71 1080 3136 3642 6002 9624 2935 4558 7250 9594 9781 9038 979 
72 1065 8161 8333 9169 2417 4999 7697 3709 3665 4533 2403 948 9284 1454 1611 9299 9129 5848 9533 
73 7007 677 2299 3343 2325 9521 299 675 6609 4596 6531 8701 9299 5742 7449 2000 5421 8923 4884 9129 3240 5848 4385 8134 9533 1979 
74 1901 699 9860 8392 1892 2039 3590 8310 406 8709 4248 9551 7485 7751 5869 
75 5394 5735 3178 979 2256 4254 7517 9324 2682 270 2353 8518 1503 5361 7866 3543 7883 1668 2240 7762 2 
76 6820 466 5029 6149 9421 6770 7157 9180 9739 1458 8698 2019 2085 8419 4629 9594 3533 
77 3480 7468 7856 6290 9368 902 3240 4530 9572 3224 8134 5848 9533 
78 5778 6668 1901 582 7341 9860 7826 8392 1892 2039 9551 7485 7751 5869 
79 4385 2684 9500 4594 3037 72 6512 6820 6149 9421 6770 3814 2019 1917 7820 4071 9270 1668 2240 
80 6865 2499 4467 5172 3418 6360 9434 7767 637 5047 7128 8486 4176 9453 5248 2962 1668 
81 2534 5899 5930 6753 8680 9570 4621 1065 8161 8333 9169 2417 4999 3665 9533 1668 
82 9570 1065 8161 8333 9169 9943 2417 4999 1066 5713 6694 3709 3665 7697 948 1454 9299 9129 5848 9533 1668 
83 4248 4861 9280 9551 9554 9422 3274 1958 7751 5869 3316 1668 2240 
84 8848 421 5848 8738 5810 7290 1187 4385 4900 5769 8808 1160 9500 1979 6149 9270 3543 1984 6467 979 
85 1810 1331 9285 1613 2408 4697 2688 9239 8498 1462 4439 6752 6853 3521 9453 4199 2962 
86 3122 8874 4210 2294 2962 6374 3048 8089 4608 339 967 2484 7022 8067 4893 
87 2325 9521 4596 6531 8701 9299 2000 5742 7449 5421 8923 4884 5912 6372 6762 2239 4484 9129 3240 5848 4385 9533 1668 2240 
88 9453 1412 3689 4933 9318 3501 7338 6668 1901 1739 9860 8392 1892 7751 5869 9299 1668 9533 2240 
89 1318 3925 8597 187 9199 6978 8210 8027 8146 3548 6091 3033 1574 7088 2182 1454 9129 2240 
90 2403 3709 3665 9284 4533 1611 948 4358 4403 1178 1454 9275 7899 5122 6350 2325 9521 9299 1348 4884 9129 5848 8134 9533 1984 
91 9275 4533 5122 6350 948 907 4547 1178 1454 7899 1116 3957 1348 2325 9299 5742 4884 8134 
92 1901 699 9860 8392 1892 2039 3590 8310 406 8709 4248 9551 7485 7751 5869 
93 8737 2951 3742 914 5239 2068 1453 9945 1806 11 3227 5869 7751 9129 9533 1668 
94 1331 9285 1810 1613 2408 4697 9239 2688 1462 8498 4439 6752 6853 3521 9453 4199 2962 
95 2294 3048 8089 339 967 2484 7022 5024 4608 8067 5838 952 5752 5880 2240 
96 2111 5044 8818 3976 1748 859 1088 3535 7638 5060 2707 4199 476 2962 1668 
97 9943 1065 8161 8333 9169 1066 5713 6694 2417 4999 3709 7697 3665 4533 2403 1454 7899 9299 9129 5848 8134 9533 3543 2240 
98 1225 8389 603 2543 9443 3135 7603 6435 702 3725 8129 8433 2666 6613 4199 
99 1171 1312 1928 7101 605 7390 8784 425 1721 1061 4695 3680 2795 9576 5899 
100 6360 9434 637 5047 7128 7957 3418 6250 7767 1805 8486 2346 4176 6949 1091 9453 2962 2240 
101 3310 4634 1958 7485 612 3282 5472 2951 7727 914 5239 6139 7751 5869 3316 9129 9533 1668 2240 
102 7535 4884 5912 3420 6372 1358 5203 1135 2239 4484 9129 4879 6290 3240 5848 8134 9533 7864 1979 979 1668 
103 3548 6091 7088 9649 3033 7282 1294 1574 3933 7639 2182 1454 9533 1668 
104 3709 9284 3665 1611 4533 948 4358 4403 9275 1178 1454 5122 6350 7899 907 9299 9129 5848 8134 9533 1979 
105 3533 5735 5394 3178 2256 4254 979 2682 7517 9324 270 2353 1503 5361 8518 1876 7075 3543 1668 2240 
106 3563 4905 7935 5763 4868 7283 8282 7050 308 2666 2130 3528 3210 352 5295 7968 4314 6613 4199 
107 5544 9570 9415 1065 8161 8333 9169 2417 4999 9943 3709 1066 5713 3665 1454 7899 1611 9299 9129 5848 8134 9533 2240 
108 3750 604 5060 1046 3562 190 2018 2707 7466 34 2478 8683 4199 1143 6744 8130 9453 2962 
109 3556 3777 6483 8143 2895 3543 2862 5275 6018 1854 7883 7456 8049 148 1668 2240 2 
110 2068 914 5239 1453 9945 11 1806 64 3227 553 5869 7127 7751 3316 
111 6092 1080 3136 3642 6180 2935 7250 9594 9781 6002 4558 3533 8934 8644 3543 1668 2240 
112 379 8553 1080 3136 3642 6092 6180 2935 7250 9594 4558 3533 5735 8644 3543 979 7517 7883 1668 
113 3088 1143 6744 658 7194 9814 9596 3107 6192 1540 8982 8243 476 8130 246 2346 9453 2962 
114 803 1928 605 7390 8784 1171 1312 425 1721 7101 4695 1061 8333 9169 3665 9129 9533 1668 2240 
115 469 5761 5973 9690 4469 1057 9736 5405 1944 7085 4698 8450 6797 782 6978 9834 9199 9533 
116 3122 8874 545 4036 6404 2294 4210 2962 6374 3048 8089 4608 8067 339 967 2484 4893 1271 9453 5880 1454 1668 9533 7762 
117 1331 9285 1613 2408 4697 2688 9239 8498 1462 9827 6853 4199 2962 5880 1668 
118 1065 8161 8333 9169 2417 4999 7697 3709 3665 4533 2403 948 9284 1454 1611 9299 9129 5848 9533 
119 605 7390 8784 1061 425 1721 3680 4695 2795 9576 6753 8680 5176 9570 1065 8134 9533 
120 8360 3107 744 5081 8000 6742 8945 1324 2157 246 476 1934 2346 6360 9453 2962 5880 1668 
121 7767 7538 4176 4299 7779 9091 814 6949 9976 8486 2346 2993 356 3122 8874 2294 8880 2962 5880 1668 
122 1135 2239 4484 9129 3480 571 2123 7468 6290 7856 902 3240 9368 8134 
123 2935 317 6297 7250 9594 9781 2168 8934 2557 2060 3533 2906 8644 979 7517 3543 148 1668 2240 
124 2709 3664 4102 4297 119 6369 1664 2134 7753 3807 5572 9674 5044 2707 4234 6744 4199 2962 9129 
125 6250 3418 1805 2995 4891 7767 861 5087 9772 8486 2346 2993 4176 1091 9453 2962 5880 2240 
126 1503 5361 4966 6267 6726 7866 2711 6335 8470 2390 5059 2349 8582 1668 2240 
127 3274 3294 1958 7485 3282 5472 3310 4634 2951 5239 6139 7751 5869 1454 9533 
128 9576 425 1721 5176 4695 1420 5110 6753 8680 9570 3656 1065 8161 8333 9169 5899 9299 9533 2240 
129 7195 8971 34 2478 6471 8683 3129 3411 1143 4259 6744 8982 2962 1668 2240 
130 4621 6753 8680 9570 5544 1065 8161 8333 9169 9415 2417 9943 1454 9299 9129 9533 1668 2240 
131 3418 861 5087 9772 7767 6738 8486 7538 2346 4176 4299 7779 9091 2993 6949 4893 
132 3607 4729 7751 5160 6785 469 4274 8500 3316 5656 5945 1057 5405 3558 7085 8450 6978 9129 
133 3033 7282 3802 3974 1294 1574 3933 7639 605 8784 2182 8333 9129 9533 1668 2240 
134 2499 4467 5172 6360 9434 637 3418 5047 7128 7957 6250 8486 4176 2962 5880 1668 9533 
135 3696 9499 8310 1525 2009 4248 4861 9280 9551 7485 2951 7751 5869 1454 1668 9533 2240 
136 9239 1462 9827 3521 6191 6004 9048 7299 8735 1447 6853 8055 6369 4199 2962 1668 
137 7727 8806 3282 5472 7524 8803 2951 8128 914 5239 6932 3742 6139 5869 3607 2240 
138 2308 9932 4110 7123 8739 7316 9653 3285 998 2620 8235 3404 7806 9615 6613 4199 
139 5778 6668 1901 9860 582 7341 8392 7826 1892 2039 9551 7485 7751 5869 
140 5223 6868 8471 2028 8324 9878 6447 2791 6272 5729 2932 127 2900 8474 4314 3285 6613 2962 2240 
141 190 2018 2707 7466 3523 34 2478 4199 8683 2719 5287 6744 5005 476 8982 8130 2346 2962 1668 
142 1473 7202 8630 5421 5685 6188 4884 5912 1236 2030 6372 1135 2239 4484 9129 1358 3240 5848 8134 9533 1984 
143 1453 9945 6842 1806 3227 6885 4619 591 1074 7127 4684 6139 8278 1808 4529 7751 3316 9075 
144 8310 1525 2009 4248 4861 9280 9551 9554 7485 7751 5869 1668 9533 2240 
145 289 4698 3386 5654 8393 7446 7596 8450 1008 5144 6837 6978 8210 8146 9199 1454 9533 1668 
146 6744 8243 9814 3107 983 4817 6603 6760 8000 2545 8130 6742 476 246 2346 1934 9453 4176 2962 5880 2240 
147 3000 6605 1178 1454 1348 7724 7899 6142 6536 9300 882 9299 5742 4884 9129 5848 9533 1668 2240 
148 6700 1294 1574 3933 7639 4508 2182 9395 1928 605 8333 8134 2240 
149 1664 119 6369 2134 7753 3807 5572 9674 1207 1768 2707 4199 9453 8130 2962 2240 
150 6510 3548 6091 7088 9649 3033 7282 1294 1574 7639 425 2182 8333 9129 2240 
151 9422 4248 4861 9280 9551 9554 3589 1958 5239 5869 1454 9533 1668 2240 
152 9300 6349 4550 2325 9521 4354 5567 9299 5742 7449 7007 5421 677 2299 3343 299 675 4884 2239 9129 3240 5848 9533 2240 
153 1057 6797 5405 8669 1640 7085 222 6339 8536 6978 8134 9533 
154 3337 4579 6742 8945 1029 5608 5951 8957 922 476 5594 1934 9453 4176 2962 5880 
155 2325 9521 4596 6531 8701 9299 2000 5742 7449 5421 8923 4884 5912 6372 6762 2239 4484 9129 3240 5848 4385 9533 1668 2240 
156 3558 6783 469 767 3110 9527 1057 5761 5973 9690 7085 4698 8450 9834 9129 2240 
157 2028 8324 9878 8471 6447 2791 6272 5729 2932 2900 127 2742 8474 6190 4314 1868 9615 
158 209 6562 9500 4594 3037 1635 2799 1917 6149 6770 2019 7820 4071 1984 1668 
159 1207 3518 5044 8818 9386 1748 4234 859 3535 2707 6744 476 4199 8130 2962 1668 
160 4900 5769 8808 4385 1160 953 1979 2769 9500 4594 6770 1984 2240 
161 553 1453 9945 5869 1806 3962 3227 6842 591 1074 7127 6885 6139 4619 4684 3316 9299 9533 
162 9464 7939 1364 9486 6964 8752 1702 3399 8329 7956 9615 1166 5201 6048 9705 4742 2414 6613 3801 8498 
163 9299 6762 5742 7449 3939 7335 9372 5421 1297 3211 4884 5912 8991 6372 1473 7202 2239 9129 3240 1358 5848 8134 9533 7864 1979 1668 2240 
164 948 1116 3957 1178 1454 3000 6605 7899 9300 1348 7724 2325 9521 9299 5742 4884 9129 5848 8134 9533 3543 2240 
165 3282 5472 8128 2951 6932 914 5239 8737 3742 1453 9945 1806 5869 3316 9129 
166 5012 5457 5919 3661 1705 1533 9792 823 9725 2309 9185 3331 5132 7123 6613 3521 
167 5144 6837 8444 3654 8384 8597 6978 8210 9896 8027 8146 5207 9635 3925 9199 9533 2240 
168 1318 3925 8597 187 9199 6978 8210 8027 8146 3548 6091 3033 1574 7088 2182 1454 9129 2240 
169 5539 4146 7075 6561 9179 652 9113 7281 1550 3605 3777 3543 7883 1668 2240 7762 
170 7767 6738 7538 4176 4299 7779 9091 8486 814 6949 9976 2346 2993 3122 8874 356 5248 6404 9453 2962 5880 1454 1668 2240 
171 7899 5139 9300 4550 6349 2325 9521 4354 5567 9299 5742 7449 5421 7007 677 3343 9129 5848 8134 9533 7864 2240 
172 3976 5044 8818 1748 859 1088 3535 7638 7666 5060 4199 8130 2962 1668 9533 
173 4354 5567 4550 2325 9521 7007 677 2299 3343 9299 299 675 6609 5742 7449 4596 6531 5421 4884 9129 3240 5848 2240 
174 1901 699 9860 8392 1892 2039 3590 8310 406 8709 4248 9551 7485 7751 5869 
175 948 1116 3957 1178 1454 3000 6605 7899 9300 1348 7724 2325 9521 9299 5742 4884 9129 5848 8134 9533 3543 2240 
176 6139 3946 5166 409 9502 3241 4711 3607 4729 7751 1338 8785 9684 469 5966 9533 2240 
177 4248 4861 9280 9551 9554 9422 3274 1958 7751 5869 3316 1668 2240 
178 4469 9736 1944 1057 855 5405 1640 7085 6797 289 4698 8450 9834 9199 9129 9533 1668 
179 4234 5044 8818 2111 1748 3976 859 1088 3535 7638 5060 6744 4199 8130 2962 2240 
180 5453 2935 7250 9594 9781 5541 6239 2557 2168 8934 1355 1668 2240 
181 6978 8210 8027 8146 3548 6091 2729 3033 7282 3902 1294 7088 9649 425 2240 
182 5089 6859 8419 2415 132 7687 1984 1080 3136 3642 6507 379 8553 3543 8644 979 9075 
183 6092 1080 3136 3642 6180 2935 7250 9594 9781 6002 4558 3533 8934 8644 3543 1668 2240 
184 914 5239 11 1453 9945 64 1806 553 3227 5869 3962 591 3316 
185 605 7390 8784 1061 425 1721 3680 4695 2795 9576 6753 8680 5176 9570 1065 8134 9533 
186 3274 3294 1958 7485 3310 4634 3282 5472 2951 5239 6139 7751 5869 3316 9129 
187 3037 3449 7820 6820 2891 4071 9270 6149 9421 468 5855 6770 7157 9180 5029 1984 3543 6467 979 1668 2240 
188 9386 4234 5044 8818 1748 2111 859 1088 3535 7666 4199 8130 9453 2962 5880 1668 
189 9860 8392 1892 2039 406 8709 3590 8310 8998 4654 4248 9551 7751 1668 9533 2240 2 
190 5144 6837 8444 3654 8384 8597 6978 8210 9896 8027 8146 5207 9635 3925 9199 9533 2240 
191 3285 494 998 2620 8235 5817 5150 7806 5039 5165 5498 3924 8618 9775 2962 
192 8486 356 2346 8869 2993 9701 3122 8874 2249 2294 1931 4608 6834 5248 2962 1668 2240 
193 11 64 1453 9945 553 1806 5869 3227 3962 6842 591 6139 4619 3607 7751 3316 9075 
194 2294 3048 8089 339 967 2484 7022 5024 4608 8067 5838 952 5752 5880 2240 
195 4654 1892 2039 400 2008 2775 3590 1684 4515 9551 6332 7485 5869 1454 1668 9533 2240 2 
196 4893 3351 1271 4851 5171 1091 4898 5466 2105 3328 5880 6803 3903 4888 2412 6741 9453 5869 1668 2240 
197 3607 4729 7751 5160 6785 469 4274 8500 3316 5656 5945 1057 5405 3558 7085 8450 6978 9129 
198 2935 317 6297 7250 9594 9781 2168 8934 2557 2060 3533 2906 8644 979 7517 3543 148 1668 2240 
199 1178 1454 882 1619 7899 9300 4550 5139 2325 9521 6349 9299 5742 7449 4354 4884 3343 9129 5848 8134 9533 7864 1668 2240 
200 9453 3689 1412 4933 9318 3501 7338 6668 1901 9860 1739 8392 1892 7751 5869 9299 1668 9533 2240 
201 1453 9945 3962 1806 6842 3227 6885 591 1074 7127 4619 6139 4684 4529 3607 7751 3316 1454 9129 2240 
202 4234 5044 8818 2111 1748 3976 859 1088 3535 7638 5060 6744 4199 8130 2962 2240 
203 9502 4713 1219 5966 3607 4729 7751 6838 9993 5160 4847 469 6785 1057 5405 7085 3316 5656 8450 6978 9834 1454 8134 2240 
204 2891 4071 9270 6820 468 5855 6149 9421 6770 7157 9180 466 5029 2019 9739 1458 2085 3533 2240 
205 582 7341 6668 7826 1901 9860 699 8392 1892 2039 3590 8709 5869 9299 1668 9533 
206 3689 4933 1739 9318 6668 1901 3052 4599 9860 8392 6818 3590 9551 5869 9129 1668 
207 3548 6091 3033 7282 1294 1574 3933 7639 425 2182 1454 9129 9533 1668 2240 
208 9576 425 1721 5176 4695 1420 5110 6753 8680 9570 3656 1065 8161 8333 9169 5899 9299 9533 2240 
209 1349 1756 2210 8573 9766 8579 6465 8494 6774 9151 9484 9654 5821 5063 4314 
210 7625 2019 4629 4934 8419 414 1245 6401 7983 9721 1080 3642 9594 1984 3543 8644 979 7517 9075 1668 
211 5838 4608 2468 7748 8201 8067 952 6424 7054 5752 4893 1271 4851 5171 1679 3395 1091 4898 4888 9453 5880 9129 1668 2240 
212 3118 8704 6202 6449 502 3539 421 5848 8738 5777 4937 6535 7864 4385 1750 1979 3543 
213 8625 1447 6853 8055 685 1389 2868 8078 2376 8181 110 3551 119 6369 5572 4199 9453 8130 2962 9129 2240 
214 6149 9421 6770 7157 9180 2019 2085 1518 7625 8419 4629 4934 6401 1984 3543 8644 979 7883 2240 
215 2468 7748 8201 4608 952 6424 7054 8067 5752 4893 1679 3395 4725 1271 4851 5880 
216 8310 1525 2009 4248 4861 9280 9551 9554 7485 7751 5869 1668 9533 2240 
217 3227 1808 4139 4529 591 1074 7127 2273 7499 6139 2828 9502 1579 7751 3316 9834 9533 1668 
218 2951 3742 914 5239 2068 1453 9945 1806 11 3227 64 553 5869 3316 9533 2240 
219 3282 5472 8128 2951 6932 914 5239 8737 3742 1453 9945 1806 5869 3316 9129 
220 4900 5769 4385 8808 1160 953 1979 2769 9500 4594 6770 1984 2240 
221 9951 5104 2044 4605 7626 9240 3984 5065 6598 9540 1822 602 218 6613 
222 3418 861 5087 9772 7767 6738 8486 7538 2346 4176 4299 7779 9091 2993 6949 4893 
223 5065 3954 6477 439 9680 9874 8967 1705 2429 823 9725 1790 5240 5704 5457 3285 6170 2962 
224 1412 3689 4933 3501 7338 9318 6668 1739 1901 9860 8392 1892 7751 5869 1454 9129 1668 9533 
225 5652 2248 6004 9048 2176 2605 6454 6676 1447 6853 8055 685 1389 2868 9027 6369 5141 5572 4199 2962 1668 
226 1236 2030 4884 5912 6372 1135 2239 4484 9129 7535 3480 1358 6290 5848 8134 9533 979 
227 3665 4358 4403 4533 9275 948 5122 6350 907 4547 1178 1454 7899 9300 1348 9299 4884 9129 3240 5848 2240 
228 5421 5685 6188 4884 5912 1236 2030 6372 1135 2239 4484 9129 3480 1358 3240 5848 4385 8134 9533 7864 1750 1979 
229 5160 3316 5656 5945 469 3558 6783 767 3110 9527 1057 5405 7085 8450 9834 1454 9129 2240 
230 11 64 1453 9945 553 1806 5869 3227 3962 6842 591 6139 4619 3607 7751 3316 9075 
231 1462 9827 7299 8735 5652 6004 9048 2248 6853 8055 1389 4199 9453 8130 2962 5880 1668 
232 3088 1143 658 7194 6744 9596 9814 6192 3107 1540 8982 8243 8130 476 246 2346 9453 2962 
233 6170 7241 8764 9217 1781 5130 6249 281 2320 9464 1364 9486 6063 7956 9615 9461 6613 4199 
234 9275 4533 5122 6350 948 907 4547 1178 1454 7899 1116 3957 1348 2325 9299 5742 4884 8134 
235 5024 4908 1656 5484 4608 5838 8067 2468 7748 952 6424 7054 4893 5752 5171 1091 3395 9453 1668 9533 
236 5044 8818 1748 859 1088 3535 7638 7666 716 9290 4199 8130 2962 1668 2240 
237 3000 6605 1178 1454 1348 7724 7899 6142 6536 9300 882 9299 5742 4884 9129 5848 9533 1668 2240 
238 190 2018 2707 7466 3523 34 2478 4199 8683 2719 5287 6744 5005 476 8982 8130 2346 2962 1668 
239 3411 8683 4259 7103 8575 5005 6125 1143 6744 3088 9814 8982 476 8130 2346 1934 2962 5880 1668 9533 2240 2 
240 9038 2250 2935 7250 9594 9781 5453 2557 8644 979 7517 7883 
241 4884 5912 3420 6372 1358 5203 1135 2239 4484 9129 3480 4879 3240 2123 5848 8134 4385 9533 1668 2240 
242 4893 3351 1271 4851 5171 1091 4898 5466 2105 3328 5880 6803 3903 4888 2412 6741 9453 5869 1668 2240 
243 922 8656 9262 473 5594 476 8021 168 1320 1934 7875 6395 8114 2346 9453 4176 2962 5880 2240 
244 4893 1271 4851 5171 1091 4898 5466 3351 3903 4888 5624 9453 2105 3328 5880 2412 8392 5869 1668 
245 9814 983 3107 4817 6603 6760 2545 8130 8000 8360 6742 476 246 2346 1934 1091 9453 2962 5880 1668 9533 2240 2 
246 6742 8945 6807 922 8656 3766 9262 476 8021 473 5594 168 1934 4834 2346 6360 9453 2962 5880 1668 
247 6978 8210 8027 8146 3548 6091 2729 3033 7282 3902 1294 7088 9649 425 2240 
248 948 1116 3957 1178 1454 3000 6605 7899 9300 1348 7724 2325 9521 9299 5742 4884 9129 5848 8134 9533 3543 2240 
249 1640 7085 289 4698 3748 5096 6422 7446 7596 8450 5144 6837 9834 9199 1454 8134 2240 
250 2028 8324 9878 8471 6447 2791 6272 5729 2932 2900 127 2742 8474 6190 4314 1868 9615 
251 6180 1080 3136 3642 6002 9624 2935 4558 7250 9594 9781 8644 3543 979 7517 6467 148 
252 8027 8146 4840 3548 6091 6510 3033 7282 7088 9649 1294 425 2182 1454 9299 9129 9533 1668 
253 6818 5778 6668 1901 9860 582 7341 8392 7826 1892 9551 7485 
254 6978 8210 8027 8146 3548 6091 2729 3033 7282 3902 1294 7088 9649 425 2240 
255 2111 3976 5044 8818 1748 859 1088 3535 7638 5060 2707 4199 476 2962 1668 
256 6838 9993 4847 3607 4729 7751 5160 469 6785 4274 8500 1057 3316 5656 5945 5405 7085 4698 8450 6978 6797 9533 
257 1640 7085 3748 5096 6422 289 4698 7446 7596 8450 6802 9802 9834 5144 5654 6978 9199 1454 9129 
258 9860 8392 406 8709 1892 2039 3590 8998 8310 4654 400 2008 9551 7485 6332 1668 
259 9502 1219 5966 6838 9993 3607 4729 7751 4847 5160 469 6785 1057 4274 8500 5405 3316 5656 9199 9533 
260 9300 6349 4550 2325 9521 4354 5567 9299 5742 7449 7007 5421 677 2299 3343 299 675 4884 2239 9129 3240 5848 9533 2240 
261 637 5047 7128 7957 3418 6250 7767 1805 2995 8486 2346 861 4176 9453 5248 2962 1668 2240 
262 8384 9896 8597 5207 9635 6978 8210 1318 3925 8027 8146 187 9199 3548 2729 7088 9533 1668 
263 4146 7075 9113 652 7281 1550 3605 422 7790 3775 3777 4336 3543 2895 7883 7456 148 1668 2240 2 
264 4608 8067 1679 3395 4725 3478 4893 1271 4851 5171 1091 4898 5466 8236 4888 9453 5880 9299 2240 
265 9500 3464 4594 3814 3037 209 6562 6820 6149 6770 2019 9270 1984 3543 1668 2240 
266 3807 5572 9674 1768 1207 1053 4853 7951 5044 3535 5060 4199 8130 2962 5880 
267 7340 8236 4893 2029 7426 1271 4851 5171 1091 4898 5466 3903 4888 5624 9453 3689 5880 2412 9551 1739 1668 9533 7762 
268 3607 4729 7751 5160 6785 469 4274 8500 3316 5656 5945 1057 3558 6783 7085 8450 6978 9834 9199 9533 2240 
269 3037 3449 7820 6820 2891 4071 9270 6149 9421 468 5855 6770 7157 9180 5029 1984 3543 6467 979 1668 2240 
270 4439 6752 9239 1462 9827 3521 6191 6004 9048 1447 6853 8055 7299 1389 476 
271 6092 1080 3136 3642 6180 2935 7250 9594 9781 6002 4558 3533 8934 8644 3543 1668 2240 
272 9570 9415 1065 8161 8333 9169 2417 4999 9943 3709 1066 5713 6694 3665 1454 2403 9299 9129 5848 8134 9533 3543 1979 1668 
273 7707 986 1090 4240 6387 5063 3571 363 2187 9350 674 9163 6576 523 4104 4314 6613 4199 2962 1668 9533 
274 6668 1901 582 7341 9860 7826 8392 1892 2039 699 3590 9551 7485 5239 5869 1668 2240 
275 7899 5139 9300 4550 6349 2325 9521 4354 5567 9299 5742 7449 5421 7007 677 3343 9129 5848 8134 9533 7864 2240 
276 6700 1294 1574 3933 7639 4508 2182 9395 1928 605 8333 8134 2240 
277 3607 4729 7751 6785 5160 4274 8500 469 3316 5656 5945 3558 6783 1057 7085 8450 6978 9834 9199 9533 2240 
278 4550 4354 5567 2325 9521 7007 9299 677 2299 3343 5742 7449 299 675 6609 5421 4596 6531 4884 9129 3240 5848 2240 
279 1656 5484 5838 4608 2468 7748 8201 8067 952 6424 7054 5752 4893 1271 4851 3395 1091 5880 1668 2240 
280 1065 8161 8333 9169 2417 4999 7697 3709 3665 4533 2403 948 9284 1454 1611 9299 9129 5848 9533 
281 5869 1453 9945 3962 1806 6842 3227 6885 591 1074 7127 4619 6139 4684 4529 3607 7751 3316 1454 9533 
282 9299 8923 5742 7449 5421 6762 4884 5912 3939 7335 9372 6372 1297 3211 2239 9129 7202 3240 5848 8134 9533 1979 979 2240 
283 3224 6290 1504 2204 8134 902 3240 4530 9572 1157 3616 5956 9533 2603 5848 7486 4385 3539 1979 979 2240 
284 5421 5685 6188 4884 5912 1236 2030 6372 1135 2239 4484 9129 3480 1358 3240 5848 4385 8134 9533 7864 1750 1979 
285 1271 4851 5171 1091 4898 5466 2105 3328 5880 6803 743 2412 6741 3903 4888 9453 9551 7751 5869 
286 9896 8384 5207 9635 8597 1318 3925 6978 8210 187 9199 8027 8146 3548 2729 7088 9533 1668 
287 1640 7085 3748 5096 6422 289 4698 7446 7596 8450 6802 9802 9834 5144 5654 6978 9199 1454 9129 
288 7446 7596 8450 5144 6837 8444 8384 8597 3654 6978 8210 8027 8146 9199 425 8333 9533 
289 1640 7085 3748 5096 6422 289 4698 7446 7596 8450 6802 9802 9834 5144 5654 6978 9199 1454 9129 
290 190 2018 2707 7466 3523 34 2478 4199 8683 2719 5287 6744 5005 476 8982 8130 2346 2962 1668 
291 4713 9502 1219 5966 6838 9993 3607 4729 7751 4847 5160 469 6785 1057 4274 8500 3316 5656 9834 9199 9533 2240 
292 3310 4634 1958 7485 612 3282 5472 2951 7727 914 5239 6139 7751 5869 3316 9129 9533 1668 2240 
293 2346 1931 2993 2359 6834 8880 3122 8874 5248 7044 2294 2798 3179 6097 545 6404 2962 6374 1668 9533 
294 4467 5172 6360 9434 637 5047 7128 7957 3418 7767 6250 2346 4176 1091 9453 2962 1668 2240 
295 3607 4729 7751 5160 6785 469 4274 8500 3316 5656 5945 1057 3558 6783 7085 8450 6978 9834 9199 9533 2240 
296 1065 8161 8333 9169 2417 4999 7697 3709 3665 4533 2403 948 9284 1454 1611 9299 9129 5848 9533 
297 2029 7426 4893 1271 4851 5171 1091 4898 5466 3351 3903 4888 5624 9453 2105 5880 3689 2412 1739 1454 1668 2240 
298 1178 1454 882 1619 7899 9300 4550 5139 2325 9521 6349 9299 5742 7449 4354 4884 3343 9129 5848 8134 9533 7864 1668 2240 
299 3224 6290 1504 2204 8134 902 3240 4530 9572 1157 3616 5956 9533 2603 5848 7486 4385 3539 1979 979 2240 
300 6510 3548 6091 7088 9649 3033 7282 1294 1574 7639 425 2182 8333 9129 2240 
301 9814 983 3107 4817 6603 6760 2545 8130 8000 8360 6742 476 246 2346 1934 1091 9453 2962 5880 1668 9533 2240 2 
302 3590 8781 8310 8266 6332 4248 4861 9280 9551 3696 9499 2951 1668 9533 2240 2 
303 8730 3903 4888 5624 5431 9453 3689 4933 9318 1412 6668 8392 1739 7751 1454 1668 2240 
304 605 7390 8784 1061 425 1721 3680 4695 2795 9576 6753 8680 5176 9570 1065 8134 9533 
305 3962 1453 9945 6842 1806 3227 6885 4619 591 1074 7127 4684 6139 4529 3607 7751 3316 1454 9129 2240 
306 2009 4248 4861 9280 9551 9554 3274 1958 5239 5869 1454 9075 
307 4550 4354 5567 2325 9521 7007 9299 677 2299 3343 5742 7449 299 675 6609 5421 4596 6531 4884 9129 3240 5848 2240 
308 3665 4533 4358 4403 948 9275 5122 6350 1178 1454 907 4547 7899 9300 1348 9299 4884 9129 3240 5848 2240 
309 3607 4729 7751 6785 5160 4274 8500 469 3316 5656 5945 3558 6783 1057 7085 8450 6978 9834 9199 9533 2240 
310 1057 222 6339 8536 5405 782 8862 1640 7085 4698 8450 3748 6978 9834 9199 1454 9299 9129 9533 
311 7340 8236 4893 1271 4851 5171 2029 7426 1091 4898 5466 3903 4888 5624 9453 3689 5880 2412 9551 1739 1668 9533 7762 
312 308 2666 3928 9362 3528 9839 3026 5295 8045 6346 6606 1193 1601 1366 4314 6613 4199 
313 948 1116 3957 3000 6605 1178 1454 7899 1348 7724 9300 882 2325 9299 9129 8134 2240 
314 132 8419 7687 1984 6507 1080 3136 3642 379 8553 2935 6092 9594 3533 4558 3543 979 1668 2240 
315 308 2666 3928 9362 3528 9839 3026 5295 8045 6346 6606 1193 1601 1366 4314 6613 4199 
316 1420 4695 5110 6753 8680 3656 9570 2534 5899 1065 8161 8333 9169 5930 3665 1454 9299 9129 5848 8134 3543 9533 1979 2240 
317 1065 8161 8333 9169 2417 4999 7697 3709 3665 4533 2403 948 9284 1454 1611 9299 9129 5848 9533 
318 2709 3664 4102 4297 119 6369 1664 2134 7753 3807 5572 9674 5044 2707 4234 6744 4199 2962 9129 
319 9736 1944 855 1057 5405 6797 1640 7085 8669 4698 8450 782 6978 8210 8027 9533 
320 7281 652 1550 3605 422 7790 3775 4336 4798 9914 3777 8143 3543 7883 6467 9075 1668 
321 952 6424 7054 4608 5752 8067 1679 3395 4725 4893 3478 1271 4851 5171 1091 4898 5466 4888 9453 5880 9299 1668 9533 
322 9975 3571 6276 7901 6579 674 5911 8550 523 4104 6576 6670 9600 6613 
323 743 2412 6741 1091 4898 5466 1334 1544 7175 3903 4888 9453 3689 8392 1739 5869 9129 2240 
324 904 1405 8256 194 8215 8618 6170 802 6950 7241 8764 1122 8804 6613 4199 2962 
325 8392 8998 1892 2039 4654 3590 400 2008 2775 8310 1684 9551 7485 5239 2240 
326 222 6339 8536 1057 782 8862 5405 4339 7085 4698 9533 1668 2240 
327 1611 3665 4533 4358 4403 948 9275 5122 6350 1178 1454 907 4547 7899 9300 1348 9299 9129 5848 8134 9533 3543 1668 979 
328 2545 8130 3107 8360 744 5081 8000 6742 8945 922 8656 246 476 2346 9453 4176 2962 1668 
329 4695 3656 6753 8680 2534 5899 9570 5930 1065 8161 8333 9169 2417 4999 3665 948 9533 2240 
330 2482 6190 2791 6272 4587 6754 858 1962 7026 2932 1823 4314 127 1868 5104 7467 690 6613 4199 2962 1668 
331 1420 4695 5110 6753 8680 3656 9570 2534 5899 1065 8161 8333 9169 5930 3665 1454 9299 9129 5848 8134 3543 9533 1979 2240 
332 1324 2157 8000 6742 8945 246 922 8656 9262 3337 476 1934 9453 2962 5880 1668 9533 
333 4684 3227 8278 1808 4139 591 1074 7127 4529 6139 2273 7499 2828 3607 7751 5885 3316 9299 9533 
334 469 5761 5973 9690 4469 1057 9736 5405 1944 7085 4698 8450 6797 782 6978 9834 9199 9533 
335 2294 3048 8089 339 967 2484 7022 4608 5024 8067 5838 1091 9453 5880 9129 1668 2240 
336 1358 5203 6372 1135 2239 4484 9129 4879 3480 2758 3991 3240 2123 5848 9533 1668 2240 
337 1270 9479 6775 8394 8257 1073 6504 717 5921 9569 8507 6884 6465 5821 4314 6613 
338 1364 9486 1166 5201 6048 9705 7956 9615 2282 6265 7560 4742 2414 6613 2876 4106 3521 4199 2962 1668 2240 
339 8384 9896 8597 5207 9635 6978 8210 1318 3925 8027 8146 187 9199 3548 2729 7088 9533 1668 
340 3761 2862 19 8049 8657 3683 1255 2733 6756 6787 359 9327 4941 6467 148 5775 2240 
341 9300 4550 4354 5567 2325 9521 9299 7007 5742 7449 677 2299 3343 5421 299 675 6609 4596 9129 5848 8134 9533 7864 1984 
342 1944 855 1057 5405 6797 1640 7085 8669 289 4698 8450 782 6978 8210 9834 9199 9299 9533 1668 
343 1269 5240 5704 5012 5457 5919 1705 823 9725 3661 2309 1533 6170 
344 469 5761 5973 9690 4469 9736 1057 1944 5405 7085 4698 6797 8450 782 6978 9834 9199 9533 
345 2951 3742 914 5239 2068 1453 9945 1806 11 3227 64 553 5869 3316 9533 2240 
346 553 1453 9945 5869 1806 3962 3227 6842 591 1074 7127 6885 6139 4619 4684 3316 9299 9533 
347 9860 8392 406 8709 1892 2039 3590 8998 8310 4654 400 2008 9551 7485 6332 1668 
348 3088 1143 6744 658 7194 9814 9596 3107 6192 1540 8982 8243 476 8130 246 2346 9453 2962 
349 3310 4634 1958 7485 612 3282 5472 2951 7727 914 5239 6139 7751 5869 3316 9129 9533 1668 2240 
350 1806 4619 3227 4684 8278 591 1074 7127 1808 4139 6139 4529 2273 7499 9129 2240 
351 4248 4861 9280 9551 9554 3274 3294 4815 7485 5239 5869 8134 2240 
352 8848 421 5848 8738 5810 7290 1187 4385 4900 5769 8808 1160 9500 1979 6149 9270 3543 1984 6467 979 
353 3241 4711 9502 1338 8785 9684 4600 3607 4729 7751 5160 1219 5966 3316 9129 2240 
354 1928 7101 605 7390 8784 425 1721 1061 4695 3680 2795 6753 8680 9576 9570 5899 1454 
355 5248 7044 2993 2798 3179 3122 8874 6097 2294 545 4036 6404 4210 2962 6374 4608 3048 9453 3395 2240 
356 7486 3118 8704 6202 6449 502 3539 421 5848 8738 5777 4937 6535 979 1668 
357 3590 8781 8310 8266 6332 4248 4861 9280 9551 3696 9499 2951 1668 9533 2240 2 
358 3285 494 998 2620 8235 5817 5150 7806 5039 5165 5498 3924 8618 9775 2962 
359 2273 7499 591 1074 7127 2828 6139 1579 5885 9502 3946 5166 3607 4729 7751 5160 3241 469 3316 9129 9533 1668 
360 9570 1065 8161 8333 9169 9943 2417 4999 1066 5713 6694 3709 3665 7697 948 1454 9299 9129 5848 9533 1668 
361 168 1320 1934 7875 476 8021 6395 8114 7382 55 809 4834 2730 4013 2346 6360 1091 4176 9453 2962 5880 1668 9533 7762 
362 9527 469 5761 5973 9690 4469 1057 9736 5405 1944 7085 6797 8134 2240 
363 1271 4851 5171 1091 4898 5466 2105 3328 5880 6803 743 2412 6741 3903 4888 9453 9551 7751 5869 
364 3274 3294 1958 7485 3310 4634 3282 5472 2951 5239 6139 7751 5869 3316 9129 
365 3656 2534 5899 6753 8680 5930 9570 1065 8161 8333 9169 4621 2417 3665 9943 1066 1454 9299 9129 9533 1668 
366 5838 4608 2468 7748 8201 8067 952 6424 7054 5752 4893 1271 4851 5171 1679 3395 1091 4898 4888 9453 5880 9129 1668 2240 
367 2282 6265 7560 7956 9615 799 7977 6132 3182 4742 2414 6613 2876 9689 3521 4199 9129 
368 5012 5457 5919 3661 1705 1533 9792 823 9725 2309 9185 3331 5132 7123 6613 3521 
369 7299 8735 1462 9827 5652 2248 6004 9048 6853 8055 2176 6454 6369 4199 9453 2962 1668 9533 
370 1540 8982 6744 9814 8243 3107 983 8000 4817 6603 6760 6742 8130 476 2346 1934 2962 1668 2240 
371 2425 3924 9780 2664 2918 223 194 8618 3862 6170 5745 9464 6613 4199 2962 1668 9533 
372 2733 6756 301 1051 4941 2945 2657 8847 8296 4495 7094 4402 2929 6467 148 647 5775 9075 5677 2240 
373 7951 1207 3518 5044 8818 9386 1748 4234 859 2707 2962 2240 
374 5150 7806 2469 9775 5039 5165 5498 2425 3924 9780 5142 102 6170 6613 4199 
375 1207 3518 9386 5044 8818 4234 1748 859 3535 2707 6744 476 4199 8130 2962 1668 
376 9275 4533 5122 6350 948 907 4547 1178 1454 7899 1116 3957 1348 2325 9299 5742 4884 8134 
377 1892 2039 400 2008 2775 3590 1684 4515 8310 9551 6332 7485 2951 5869 9129 1668 9533 
378 2346 2993 1931 3122 8874 2359 6834 8880 2294 5248 7044 2798 3179 6097 545 6404 2962 6374 1668 9533 
379 7241 8764 1781 2098 2221 4167 6063 281 2320 9770 9464 1364 7956 9615 9461 4742 6613 3521 4199 
380 3689 4933 3501 7338 9318 6668 1739 1901 9860 8392 1892 3052 3590 1668 9533 2240 2 
381 9318 6818 6668 5778 1901 9860 8392 582 7341 9551 7485 7751 5869 9299 2240 
382 3903 4888 5624 9453 3689 4933 9318 1412 6668 1901 3501 7338 1454 5869 1668 
383 4248 4861 9280 9551 9554 9422 3274 1958 7751 5869 3316 1668 2240 
384 3227 1808 4139 4529 591 1074 7127 2273 7499 6139 2828 9502 1579 7751 3316 9834 9533 1668 
385 4966 6267 6726 1503 5361 2711 6335 8470 7866 2390 5059 2349 8582 1668 2240 
386 1171 1312 1928 7101 605 7390 8784 425 1721 1061 4695 3680 2795 9576 5899 
387 4422 8136 875 3350 4003 4589 1270 9479 8394 8257 6427 6613 4199 2962 
388 5652 2248 6004 9048 2176 2605 6454 6676 1447 6853 8055 685 1389 2868 9027 6369 5141 5572 4199 2962 1668 
389 1271 4851 5171 2105 3328 5880 6803 1091 4898 5466 743 2412 6741 3903 4888 9453 9551 7751 5869 
390 7625 2019 4629 4934 8419 414 1245 6401 7983 9721 1080 3642 9594 1984 3543 8644 979 7517 9075 1668 
391 1046 3562 604 5060 190 2018 2707 7466 34 2478 3523 4199 6744 5005 476 8130 9453 1934 2962 2240 
392 34 2478 3129 8683 3411 4259 7103 8575 1143 5005 6744 3088 8982 476 8130 2346 1934 4176 
393 9453 3689 1412 4933 9318 3501 7338 6668 1901 9860 1739 8392 1892 7751 5869 9299 1668 9533 2240 
394 3274 3294 1958 7485 3310 4634 3282 5472 2951 5239 6139 7751 5869 3316 9129 
395 9300 4550 4354 5567 2325 9521 9299 7007 5742 7449 677 2299 3343 5421 299 675 6609 4596 9129 5848 8134 9533 7864 1984 
396 356 8486 8869 2346 9701 2993 2249 3122 8874 2294 1931 2359 6834 5248 6404 2962 1668 9533 
397 571 2123 3480 7468 7856 6290 9368 902 3240 4530 9572 1504 8134 5848 9533 2603 979 1668 
398 468 5855 6820 6149 9421 466 5029 6770 7157 9180 9739 2019 1458 8698 8419 2085 9594 3533 1984 2240 
399 3807 5572 9674 1768 1207 1053 4853 7951 5044 3535 5060 4199 8130 2962 5880 
400 3556 3777 6483 8143 2895 3543 2862 5275 6018 1854 7883 7456 8049 148 1668 2240 2 
401 5602 5405 5423 1640 7085 289 4698 7446 7596 8450 3748 5096 6802 9834 6978 9199 7088 
402 6818 5778 6668 1901 9860 582 7341 8392 7826 1892 9551 7485 
403 1065 8161 8333 9169 2417 4999 7697 3709 3665 4533 2403 948 9284 1454 1611 9299 9129 5848 9533 
404 4248 4861 9280 9551 9554 9422 3274 1958 7751 5869 3316 1668 2240 
405 4596 6531 8701 2325 9521 2000 9299 5742 7449 8923 5421 4884 5912 6762 6372 3939 7335 9129 5848 8134 9533 1668 
406 2009 4248 4861 9280 9551 9554 3274 1958 5239 5869 1454 9075 
407 9299 5742 7449 6762 5421 3939 7335 9372 1297 3211 4884 5912 6372 8991 2239 4484 9129 3240 1358 9533 1668 2240 
408 8000 1324 2157 6742 8945 922 8656 246 9262 3337 476 1934 9453 2962 5880 1668 9533 
409 6753 8680 4621 9570 1065 8161 8333 9169 5544 2417 4999 3665 9943 1066 1454 7899 9299 5122 9533 2240 
410 1656 5484 5838 4608 2468 7748 8201 8067 952 6424 7054 5752 4893 1271 4851 3395 1091 5880 1668 2240 
411 2403 3709 3665 9284 4533 1611 948 4358 4403 1178 1454 9275 7899 5122 6350 2325 9521 9299 1348 4884 9129 5848 8134 9533 1984 
412 9570 9415 1065 8161 8333 9169 2417 4999 9943 3709 1066 5713 6694 3665 1454 2403 9299 9129 5848 8134 9533 3543 1979 1668 
413 1080 3136 3642 9624 4558 2935 9038 7250 9594 9781 1355 3533 5735 8934 8644 3543 979 1668 2240 
414 1076 2456 3037 3449 6820 7820 6149 9421 2891 4071 9270 6770 9180 5029 1984 2240 
415 1739 4933 9318 6668 3052 4599 1901 9860 6818 8392 5778 5869 
416 4893 1271 4851 5171 3351 1091 4898 5466 3903 4888 5624 2105 3328 5880 9453 2412 8392 5869 1668 
417 4705 8181 119 6369 2709 3664 4102 4297 1664 3807 5572 9674 2134 5044 2962 2240 
418 6290 2785 3302 902 3240 4530 9572 179 3118 9533 2603 5848 4385 7864 2240 
419 6372 4879 1135 2239 4484 9129 3480 2758 3991 6290 571 3240 5848 1504 8134 9533 979 2240 
420 612 1958 7485 3282 5472 7727 8806 2951 7524 8803 914 5239 3742 5869 7751 6978 8134 
421 2935 5541 6239 7250 9594 9781 317 6297 2168 8934 3533 2060 5735 8644 979 7517 3543 8470 6467 1668 2240 2 
422 6668 7826 1901 9860 699 8392 1892 2039 3590 8310 406 8709 9551 7485 5869 1668 9533 7762 
423 425 1721 9576 4695 5176 1420 6753 8680 5110 9570 1065 8161 8333 9169 3656 5899 9299 9533 2240 
424 1739 4933 9318 6668 3052 4599 1901 9860 6818 8392 5778 5869 
425 7535 4884 5912 3420 6372 1358 5203 1135 2239 4484 9129 4879 6290 3240 5848 8134 9533 7864 1979 979 1668 
426 8486 356 2346 8869 2993 9701 3122 8874 2249 2294 1931 4608 6834 5248 2962 1668 2240 
427 553 1453 9945 5869 1806 3962 3227 6842 591 1074 7127 6885 6139 4619 4684 3316 9299 9533 
428 6180 1080 3136 3642 6002 9624 2935 4558 7250 9594 9781 8644 3543 979 7517 6467 148 
429 4550 4354 5567 2325 9521 7007 9299 677 2299 3343 5742 7449 299 675 6609 5421 4596 6531 4884 9129 3240 5848 2240 
430 339 967 2484 7022 5024 4908 4608 5484 5838 952 5880 1668 
431 9701 8486 2249 2346 2993 3122 8874 2294 1931 2359 6834 8880 5248 7044 2798 8067 545 4036 6404 2962 9453 5880 1454 1668 9533 2240 2 
432 5453 2935 7250 9594 9781 5541 6239 2557 2168 8934 1355 1668 2240 
433 5869 1453 9945 3962 1806 6842 3227 6885 591 1074 7127 4619 6139 4684 4529 3607 7751 3316 1454 9533 
434 6668 582 7341 1901 7826 9860 8392 699 1892 2039 3590 9551 7485 5239 5869 1668 2240 
435 339 967 2484 7022 5024 4908 4608 5484 5838 952 5880 1668 
436 3282 5472 8128 2951 6932 914 5239 8737 3742 1453 9945 1806 5869 3316 9129 
437 2294 3048 8089 339 967 2484 7022 5024 4608 8067 5838 952 5752 5880 2240 
438 2828 591 1074 7127 6139 1579 5885 9502 3946 5166 409 3607 4729 7751 5160 3241 9684 469 5966 9129 
439 3558 6783 469 767 3110 9527 1057 5761 5973 9690 7085 4698 8450 9834 9129 2240 
440 6770 7157 9180 2085 2019 1518 7625 4629 8419 4934 414 1984 4558 
441 2009 4248 4861 9280 9551 9554 3274 1958 5239 5869 1454 9075 
442 6865 2499 4467 5172 3418 6360 9434 7767 637 5047 7128 8486 4176 9453 5248 2962 1668 
443 9318 3052 4599 6668 6818 1901 5778 9860 8392 7341 7751 6978 2240 
444 3939 7335 9372 5742 7449 1297 3211 5421 8991 4884 5912 1473 7202 8630 6372 9129 3240 8134 
445 339 967 2484 7022 5024 4908 4608 5484 5838 952 5880 1668 
446 948 1116 3957 1178 1454 3000 6605 7899 9300 1348 7724 2325 9521 9299 5742 4884 9129 5848 8134 9533 3543 2240 
447 6770 7157 9180 2085 2019 1518 7625 4629 8419 4934 414 1984 4558 
448 5778 6668 1901 582 7341 9860 7826 8392 1892 2039 9551 7485 7751 5869 
449 3802 3974 3033 7282 1294 1574 3933 7639 2182 9395 605 425 1454 9299 9129 5848 3543 9533 
450 209 6562 9500 4594 3037 1635 2799 1917 6149 6770 2019 7820 4071 1984 1668 
451 8597 6978 8210 8027 8146 3548 6091 3033 7282 2729 1294 1574 7088 9649 425 9533 1668 
452 2000 9299 8923 5742 7449 5421 6762 4884 5912 3939 7335 9372 6372 1297 3211 2239 9129 3240 5848 1358 9533 2240 
453 3709 3665 9284 4533 1611 948 4358 4403 1178 1454 9275 7899 5122 6350 9300 9299 5742 9129 5848 9533 2240 
454 3418 7767 861 5087 9772 8486 6738 2346 7538 2993 4176 4299 7779 9091 8874 2962 5880 1668 9533 
455 6097 3122 8874 545 4036 6404 2294 4210 2962 6374 3048 8089 4608 8067 339 967 4893 5171 1091 1668 2240 
456 4533 907 4547 948 1178 1454 1116 3957 7899 3000 6605 1348 9299 5742 4884 9129 5848 2240 
457 6004 9048 5358 1447 6853 8055 5141 6169 9092 685 1389 2868 2376 4199 
458 6978 8210 8027 8146 2729 3548 6091 3902 3033 7282 4840 1574 7639 2240 
459 1944 855 1057 5405 6797 1640 7085 8669 289 4698 8450 782 6978 8210 9834 9199 9299 9533 1668 
460 3903 4888 5624 9453 3689 4933 9318 1412 6668 1901 3501 7338 1454 5869 1668 
461 3689 4933 1739 9318 6668 1901 3052 4599 9860 8392 6818 3590 9551 5869 9129 1668 
462 8848 421 5848 8738 5810 7290 1187 4385 4900 5769 8808 1160 9500 1979 6149 9270 3543 1984 6467 979 
463 3418 861 5087 9772 7767 6738 8486 7538 2346 4176 4299 7779 9091 2993 6949 4893 
464 1374 7833 2376 8181 119 6369 4705 3807 5572 9674 1207 2709 3664 4102 5060 4199 9453 2962 9129 
465 2916 4146 7075 968 652 5539 6561 9179 9113 3777 1550 7790 3543 2895 7883 6467 7456 148 1668 2240 7762 2 
466 4199 2018 2707 7466 34 2478 2719 5287 8909 8683 3129 6744 476 8130 9453 4176 2962 1668 
467 1171 1312 1928 7101 605 7390 8784 425 1721 1061 4695 3680 2795 9576 5899 
468 6668 582 7341 1901 7826 9860 8392 699 1892 2039 3590 9551 7485 5239 5869 1668 2240 
469 6802 9802 9834 289 4698 3386 5654 8393 7446 7596 8450 1008 5144 8384 6978 9199 7088 1454 9299 8134 
470 7956 9615 5276 2414 3182 4742 5599 1331 9285 2336 6613 2876 4106 9689 3801 6853 2962 
471 1331 9285 1810 1613 2408 4697 9239 2688 1462 8498 4439 6752 6853 3521 9453 4199 2962 
472 3037 3449 7820 6820 2891 4071 9270 6149 9421 468 5855 6770 7157 9180 5029 1984 3543 6467 979 1668 2240 
473 8848 421 5848 8738 5810 7290 1187 4385 4900 5769 8808 1160 9500 1979 6149 9270 3543 1984 6467 979 
474 9299 5742 7449 6762 5421 3939 7335 9372 1297 3211 4884 5912 6372 8991 2239 4484 9129 3240 1358 9533 1668 2240 
475 983 9814 4817 6603 6760 3107 2545 8130 8360 8000 744 8656 476 1934 9453 2962 2240 
476 3607 4729 7751 5160 6785 469 4274 8500 3316 5656 5945 1057 3558 6783 7085 8450 6978 9834 9199 9533 2240 
477 3000 6605 1178 1454 1348 7724 7899 6142 6536 9300 882 9299 5742 4884 9129 5848 9533 1668 2240 
478 5742 7449 5421 8991 1473 7202 8630 4884 5912 5685 6372 6188 1135 2239 9129 1236 5848 
479 9932 7316 9653 4110 7123 8739 3285 998 2620 8235 3404 5150 6459 7806 9615 
480 2308 7084 9932 4110 7123 8739 3285 7316 9653 998 2620 8235 7806 8618 9615 2962 
481 1355 9131 3322 4740 4872 7554 8644 3533 5735 3178 2333 2387 2256 979 7517 652 3543 8470 2349 7883 1668 2240 7762 2 
482 6250 3418 1805 2995 4891 7767 861 5087 9772 8486 2346 2993 4176 1091 9453 2962 5880 2240 
483 3607 4729 7751 6785 5160 4274 8500 469 3316 5656 5945 3558 6783 1057 7085 8450 6978 9834 9199 9533 2240 
484 902 3240 4530 9572 2603 3375 7246 3118 7486 8704 6449 5848 4385 7864 1750 1979 9270 1668 
485 270 2353 1503 5361 2467 4548 7042 9447 7866 1717 4966 8470 2349 7883 2240 
486 8143 1616 6574 9333 3543 2862 7456 8374 8904 954 8230 3683 6467 148 9075 1668 8387 2240 7762 
487 356 8486 8869 2346 9701 2993 2249 3122 8874 2294 1931 2359 6834 5248 6404 2962 1668 9533 
488 4608 8067 1679 3395 4725 3478 4893 1271 4851 5171 7340 1091 4898 9453 5880 1739 9129 
489 1178 1454 4195 7899 882 1619 9300 4550 5139 2325 9521 6349 9299 4884 9129 3240 5848 8134 9533 1668 
490 5104 2044 4605 7626 9240 3984 6598 9540 5065 1822 3968 602 3285 1790 6613 3521 
491 7340 8236 4893 1271 4851 5171 2029 7426 1091 4898 5466 3903 4888 5624 9453 3689 5880 2412 9551 1739 1668 9533 7762 
492 7806 102 7345 5039 5165 5498 1921 2425 3924 8618 6170 6613 3521 2962 2240 
493 6744 9814 8243 3107 983 8000 4817 6603 6760 6742 8945 8130 2962 5880 
494 5930 6753 8680 9570 4621 1065 8161 8333 9169 2417 4999 5544 1066 9533 2240 
495 187 9199 8597 6978 8210 8027 8146 3548 6091 3033 7282 2729 1574 7088 9649 2182 1454 9299 9129 8134 
496 3478 8067 7340 4893 8236 1271 4851 5171 1091 4898 5466 2029 7426 3903 4888 9453 5880 2412 9551 1739 9299 2240 
497 9422 4248 4861 9280 9551 9554 3589 1958 5239 5869 1454 9533 1668 2240 
498 4713 9502 1219 5966 6838 9993 3607 4729 7751 4847 5160 469 6785 1057 4274 8500 3316 5656 9834 9199 9533 2240 
499 6510 3548 6091 7088 9649 3033 7282 1294 1574 7639 425 2182 8333 9129 2240 
